id,x,y,z,size
0,0,1,-2,0.3
1,0,0,5,0.5
2,-1,-1,3,0.5
3,1,1,-3,0.4
4,-2,0,0,0.5
5,2,-2,1,0.4
6,-3,0,4,0.5
7,3,0,-1,0.8
8,-4,-3,1,0.5
9,4,0,0,0.1
10,5,2,-1,0.5
11,-5,2,1,0.4